Моменты инерции масс в кг*м^2

         i |     1 |     2 |     3 |     4 |     5 |     6
-----------+-------+-------+-------+-------+-------+------
J_i,кг*м^2 | 0.001 | 0.001 | 0.001 | 0.001 | 0.001 | 0.001

Жесткости и длины промежутков

           i,i+1 |    1,2 |    2,3 |    3,4 |    4,5 |    5,6
-----------------+--------+--------+--------+--------+-------
C_i,i+1, Н*м/рад | 500000 | 500000 | 500000 | 500000 | 500000
      l_i,i+1, м |  1.826 |  1.826 |  1.826 |  1.826 |  1.826

Коэффициенты a_i

  i |   1 |     2 |     3 |      4 |      5 |      6
----+-----+-------+-------+--------+--------+-------
a_i | 1.0 | 0.735 | 0.276 | -0.256 | -0.721 | -0.994

Сильные и главные гармоники

         K_m | n_res, об/м
-------------+------------
K_m_strong_1 |       36613
  K_m_main_1 |       18306
K_m_strong_2 |       18306
  K_m_main_2 |        9153
K_m_strong_3 |       12204
  K_m_main_3 |        6102

Моменты гармоник

 k | М_кр_газ_k, Н*м | phi_газ_k | М_кр_инерц_k, Н*м | phi_инерц_k
---+-----------------+-----------+-------------------+------------
 1 |           49.37 |      -0.0 |           1326.85 |         0.0
 2 |          279.25 |       0.0 |            272.58 |         0.0
 3 |           49.37 |       0.0 |           1326.85 |         0.0
 4 |          299.21 |     -0.49 |           4708.54 |        0.92
 5 |           49.37 |      -0.0 |           1326.85 |        -0.0
 6 |           34.91 |      -0.0 |           5461.75 |         0.0
 7 |           49.37 |       0.0 |           1326.85 |         0.0
 8 |          173.25 |     -0.94 |           5778.79 |       -0.71
 9 |           49.37 |       0.0 |           1326.85 |         0.0
10 |           34.91 |       0.0 |            397.83 |         0.0
11 |           49.37 |       0.0 |           1326.85 |         0.0
12 |          152.92 |     -1.15 |            4228.3 |       -1.09
13 |           49.37 |       0.0 |           1326.85 |        -0.0
14 |           34.91 |       0.0 |            669.77 |         0.0
15 |           49.37 |       0.0 |           1326.85 |         0.0
16 |          145.92 |     -1.28 |           3951.43 |       -1.25
17 |           49.37 |      -0.0 |           1326.85 |        -0.0
18 |           34.91 |      -0.0 |            767.48 |        -0.0
19 |           49.37 |       0.0 |           1326.85 |         0.0
20 |          142.74 |     -1.36 |           3846.43 |       -1.35
21 |           49.37 |      -0.0 |           1326.85 |        -0.0
22 |           34.91 |       0.0 |            813.04 |         0.0
23 |           49.37 |       0.0 |           1326.85 |         0.0
24 |           141.1 |     -1.43 |           3796.08 |       -1.42

Моменты газовых гармоник в Н*м

   n, об/м | 6000 | 6667 | 7333 | 8000 | 8667 | 9333 | 10000 | 10667 | 11333 | 12000
-----------+------+------+------+------+------+------+-------+-------+-------+------
K_strong_1 |   61 |   60 |   59 |   57 |   55 |   52 |    49 |    46 |    42 |    38
  K_main_1 |   43 |   43 |   42 |   40 |   39 |   37 |    35 |    32 |    30 |    27
K_strong_2 |   43 |   43 |   42 |   40 |   39 |   37 |    35 |    32 |    30 |    27
  K_main_2 |  190 |  187 |  183 |  177 |  171 |  162 |   153 |   142 |   130 |   116
K_strong_3 |   61 |   60 |   59 |   57 |   55 |   52 |    49 |    46 |    42 |    38
  K_main_3 |   43 |   43 |   42 |   40 |   39 |   37 |    35 |    32 |    30 |    27

Моменты инерционных гармоник в Н*м

   n, об/м | 6000 | 6667 | 7333 | 8000 | 8667 | 9333 | 10000 | 10667 | 11333 | 12000
-----------+------+------+------+------+------+------+-------+-------+-------+------
K_strong_1 |  478 |  590 |  714 |  849 |  997 | 1156 |  1327 |  1510 |  1704 |  1911
  K_main_1 | 1966 | 2427 | 2937 | 3496 | 4102 | 4758 |  5462 |  6214 |  7015 |  7865
K_strong_2 | 1966 | 2427 | 2937 | 3496 | 4102 | 4758 |  5462 |  6214 |  7015 |  7865
  K_main_2 | 1522 | 1879 | 2274 | 2706 | 3176 | 3683 |  4228 |  4811 |  5431 |  6089
K_strong_3 |  478 |  590 |  714 |  849 |  997 | 1156 |  1327 |  1510 |  1704 |  1911
  K_main_3 |  276 |  341 |  413 |  491 |  576 |  669 |   767 |   873 |   986 |  1105

Амплитуда колебаний для i = 1 в м

   n, об/м |    6000 |    6667 |    7333 |    8000 |    8667 |    9333 |   10000 |   10667 |   11333 |   12000
-----------+---------+---------+---------+---------+---------+---------+---------+---------+---------+--------
K_strong_1 | 0.00012 | 0.00014 | 0.00017 |  0.0002 | 0.00023 | 0.00027 |  0.0003 | 0.00034 | 0.00039 | 0.00043
  K_main_1 | 0.00044 | 0.00055 | 0.00066 | 0.00078 | 0.00091 | 0.00106 | 0.00121 | 0.00138 | 0.00156 | 0.00174
K_strong_2 | 0.00044 | 0.00055 | 0.00066 | 0.00078 | 0.00091 | 0.00106 | 0.00121 | 0.00138 | 0.00156 | 0.00174
  K_main_2 | 0.00038 | 0.00046 | 0.00054 | 0.00064 | 0.00074 | 0.00085 | 0.00097 | 0.00109 | 0.00123 | 0.00137
K_strong_3 | 0.00012 | 0.00014 | 0.00017 |  0.0002 | 0.00023 | 0.00027 |  0.0003 | 0.00034 | 0.00039 | 0.00043
  K_main_3 |   7e-05 |   8e-05 |  0.0001 | 0.00012 | 0.00014 | 0.00016 | 0.00018 |  0.0002 | 0.00022 | 0.00025

Амплитуда колебаний для i = 2 в м

   n, об/м |    6000 |    6667 |    7333 |    8000 |    8667 |    9333 |   10000 |   10667 |   11333 |   12000
-----------+---------+---------+---------+---------+---------+---------+---------+---------+---------+--------
K_strong_1 |   9e-05 | 0.00011 | 0.00013 | 0.00015 | 0.00017 |  0.0002 | 0.00022 | 0.00025 | 0.00028 | 0.00032
  K_main_1 | 0.00033 |  0.0004 | 0.00048 | 0.00057 | 0.00067 | 0.00078 | 0.00089 | 0.00101 | 0.00114 | 0.00128
K_strong_2 | 0.00033 |  0.0004 | 0.00048 | 0.00057 | 0.00067 | 0.00078 | 0.00089 | 0.00101 | 0.00114 | 0.00128
  K_main_2 | 0.00028 | 0.00034 |  0.0004 | 0.00047 | 0.00054 | 0.00062 | 0.00071 |  0.0008 |  0.0009 | 0.00101
K_strong_3 |   9e-05 | 0.00011 | 0.00013 | 0.00015 | 0.00017 |  0.0002 | 0.00022 | 0.00025 | 0.00028 | 0.00032
  K_main_3 |   5e-05 |   6e-05 |   7e-05 |   9e-05 |  0.0001 | 0.00011 | 0.00013 | 0.00015 | 0.00016 | 0.00018

Амплитуда колебаний для i = 3 в м

   n, об/м |    6000 |    6667 |    7333 |    8000 |    8667 |    9333 |   10000 |   10667 |   11333 |   12000
-----------+---------+---------+---------+---------+---------+---------+---------+---------+---------+--------
K_strong_1 |   3e-05 |   4e-05 |   5e-05 |   6e-05 |   6e-05 |   7e-05 |   8e-05 |   9e-05 | 0.00011 | 0.00012
  K_main_1 | 0.00012 | 0.00015 | 0.00018 | 0.00022 | 0.00025 | 0.00029 | 0.00034 | 0.00038 | 0.00043 | 0.00048
K_strong_2 | 0.00012 | 0.00015 | 0.00018 | 0.00022 | 0.00025 | 0.00029 | 0.00034 | 0.00038 | 0.00043 | 0.00048
  K_main_2 |  0.0001 | 0.00013 | 0.00015 | 0.00018 |  0.0002 | 0.00023 | 0.00027 |  0.0003 | 0.00034 | 0.00038
K_strong_3 |   3e-05 |   4e-05 |   5e-05 |   6e-05 |   6e-05 |   7e-05 |   8e-05 |   9e-05 | 0.00011 | 0.00012
  K_main_3 |   2e-05 |   2e-05 |   3e-05 |   3e-05 |   4e-05 |   4e-05 |   5e-05 |   6e-05 |   6e-05 |   7e-05

Амплитуда колебаний для i = 4 в м

   n, об/м |     6000 |     6667 |     7333 |     8000 |     8667 |     9333 |    10000 |    10667 |    11333 |    12000
-----------+----------+----------+----------+----------+----------+----------+----------+----------+----------+---------
K_strong_1 |   -3e-05 |   -4e-05 |   -4e-05 |   -5e-05 |   -6e-05 |   -7e-05 |   -8e-05 |   -9e-05 |  -0.0001 | -0.00011
  K_main_1 | -0.00011 | -0.00014 | -0.00017 |  -0.0002 | -0.00023 | -0.00027 | -0.00031 | -0.00035 |  -0.0004 | -0.00045
K_strong_2 | -0.00011 | -0.00014 | -0.00017 |  -0.0002 | -0.00023 | -0.00027 | -0.00031 | -0.00035 |  -0.0004 | -0.00045
  K_main_2 |  -0.0001 | -0.00012 | -0.00014 | -0.00016 | -0.00019 | -0.00022 | -0.00025 | -0.00028 | -0.00031 | -0.00035
K_strong_3 |   -3e-05 |   -4e-05 |   -4e-05 |   -5e-05 |   -6e-05 |   -7e-05 |   -8e-05 |   -9e-05 |  -0.0001 | -0.00011
  K_main_3 |   -2e-05 |   -2e-05 |   -3e-05 |   -3e-05 |   -3e-05 |   -4e-05 |   -5e-05 |   -5e-05 |   -6e-05 |   -6e-05

Амплитуда колебаний для i = 5 в м

   n, об/м |     6000 |     6667 |     7333 |     8000 |     8667 |     9333 |    10000 |    10667 |    11333 |    12000
-----------+----------+----------+----------+----------+----------+----------+----------+----------+----------+---------
K_strong_1 |   -9e-05 |  -0.0001 | -0.00012 | -0.00014 | -0.00017 | -0.00019 | -0.00022 | -0.00025 | -0.00028 | -0.00031
  K_main_1 | -0.00032 | -0.00039 | -0.00047 | -0.00056 | -0.00066 | -0.00076 | -0.00088 | -0.00099 | -0.00112 | -0.00126
K_strong_2 | -0.00032 | -0.00039 | -0.00047 | -0.00056 | -0.00066 | -0.00076 | -0.00088 | -0.00099 | -0.00112 | -0.00126
  K_main_2 | -0.00027 | -0.00033 | -0.00039 | -0.00046 | -0.00053 | -0.00061 |  -0.0007 | -0.00079 | -0.00089 | -0.00099
K_strong_3 |   -9e-05 |  -0.0001 | -0.00012 | -0.00014 | -0.00017 | -0.00019 | -0.00022 | -0.00025 | -0.00028 | -0.00031
  K_main_3 |   -5e-05 |   -6e-05 |   -7e-05 |   -8e-05 |  -0.0001 | -0.00011 | -0.00013 | -0.00014 | -0.00016 | -0.00018

Амплитуда колебаний для i = 6 в м

   n, об/м |     6000 |     6667 |     7333 |     8000 |     8667 |     9333 |    10000 |    10667 |    11333 |    12000
-----------+----------+----------+----------+----------+----------+----------+----------+----------+----------+---------
K_strong_1 | -0.00012 | -0.00014 | -0.00017 |  -0.0002 | -0.00023 | -0.00027 |  -0.0003 | -0.00034 | -0.00038 | -0.00043
  K_main_1 | -0.00044 | -0.00054 | -0.00065 | -0.00078 | -0.00091 | -0.00105 | -0.00121 | -0.00137 | -0.00155 | -0.00173
K_strong_2 | -0.00044 | -0.00054 | -0.00065 | -0.00078 | -0.00091 | -0.00105 | -0.00121 | -0.00137 | -0.00155 | -0.00173
  K_main_2 | -0.00038 | -0.00045 | -0.00054 | -0.00063 | -0.00074 | -0.00084 | -0.00096 | -0.00109 | -0.00122 | -0.00136
K_strong_3 | -0.00012 | -0.00014 | -0.00017 |  -0.0002 | -0.00023 | -0.00027 |  -0.0003 | -0.00034 | -0.00038 | -0.00043
  K_main_3 |   -7e-05 |   -8e-05 |  -0.0001 | -0.00012 | -0.00014 | -0.00016 | -0.00018 |  -0.0002 | -0.00022 | -0.00025

Упругие моменты для i = 1 в Н*м

   n, об/м |  6000 |  6667 |  7333 |   8000 |   8667 |   9333 |  10000 |  10667 |  11333 |  12000
-----------+-------+-------+-------+--------+--------+--------+--------+--------+--------+-------
K_strong_1 | -15.8 | -19.0 | -22.6 |  -26.5 |  -30.7 |  -35.3 |  -40.2 |  -45.5 |  -51.0 |  -56.9
  K_main_1 | -58.7 | -72.2 | -87.1 | -103.4 | -121.0 | -140.1 | -160.7 | -182.6 | -205.9 | -230.7
K_strong_2 | -58.7 | -72.2 | -87.1 | -103.4 | -121.0 | -140.1 | -160.7 | -182.6 | -205.9 | -230.7
  K_main_2 | -50.0 | -60.4 | -71.8 |  -84.3 |  -97.8 | -112.4 | -128.1 | -144.8 | -162.5 | -181.4
K_strong_3 | -15.8 | -19.0 | -22.6 |  -26.5 |  -30.7 |  -35.3 |  -40.2 |  -45.5 |  -51.0 |  -56.9
  K_main_3 |  -9.3 | -11.2 | -13.3 |  -15.5 |  -18.0 |  -20.6 |  -23.5 |  -26.5 |  -29.7 |  -33.1

Упругие моменты для i = 2 в Н*м

   n, об/м |   6000 |   6667 |   7333 |   8000 |   8667 |   9333 |  10000 |  10667 |  11333 |  12000
-----------+--------+--------+--------+--------+--------+--------+--------+--------+--------+-------
K_strong_1 |  -27.3 |  -33.0 |  -39.2 |  -46.0 |  -53.3 |  -61.3 |  -69.8 |  -78.9 |  -88.6 |  -98.8
  K_main_1 | -101.9 | -125.3 | -151.1 | -179.4 | -210.1 | -243.2 | -278.8 | -316.8 | -357.3 | -400.3
K_strong_2 | -101.9 | -125.3 | -151.1 | -179.4 | -210.1 | -243.2 | -278.8 | -316.8 | -357.3 | -400.3
  K_main_2 |  -86.8 | -104.8 | -124.6 | -146.3 | -169.7 | -195.1 | -222.2 | -251.2 | -282.1 | -314.7
K_strong_3 |  -27.3 |  -33.0 |  -39.2 |  -46.0 |  -53.3 |  -61.3 |  -69.8 |  -78.9 |  -88.6 |  -98.8
  K_main_3 |  -16.2 |  -19.5 |  -23.1 |  -27.0 |  -31.2 |  -35.8 |  -40.7 |  -45.9 |  -51.5 |  -57.4

Упругие моменты для i = 3 в Н*м

   n, об/м |   6000 |   6667 |   7333 |   8000 |   8667 |   9333 |  10000 |  10667 |  11333 |  12000
-----------+--------+--------+--------+--------+--------+--------+--------+--------+--------+-------
K_strong_1 |  -31.7 |  -38.2 |  -45.4 |  -53.3 |  -61.8 |  -71.0 |  -80.9 |  -91.5 | -102.7 | -114.5
  K_main_1 | -118.2 | -145.2 | -175.2 | -207.9 | -243.5 | -281.9 | -323.2 | -367.3 | -414.2 | -464.0
K_strong_2 | -118.2 | -145.2 | -175.2 | -207.9 | -243.5 | -281.9 | -323.2 | -367.3 | -414.2 | -464.0
  K_main_2 | -100.6 | -121.5 | -144.4 | -169.5 | -196.8 | -226.1 | -257.6 | -291.2 | -327.0 | -364.8
K_strong_3 |  -31.7 |  -38.2 |  -45.4 |  -53.3 |  -61.8 |  -71.0 |  -80.9 |  -91.5 | -102.7 | -114.5
  K_main_3 |  -18.8 |  -22.6 |  -26.7 |  -31.3 |  -36.2 |  -41.5 |  -47.2 |  -53.2 |  -59.7 |  -66.5

Упругие моменты для i = 4 в Н*м

   n, об/м |   6000 |   6667 |   7333 |   8000 |   8667 |   9333 |  10000 |  10667 |  11333 |  12000
-----------+--------+--------+--------+--------+--------+--------+--------+--------+--------+-------
K_strong_1 |  -27.7 |  -33.4 |  -39.6 |  -46.5 |  -54.0 |  -62.0 |  -70.6 |  -79.8 |  -89.6 | -100.0
  K_main_1 | -103.1 | -126.7 | -152.9 | -181.4 | -212.5 | -246.0 | -282.0 | -320.5 | -361.5 | -404.9
K_strong_2 | -103.1 | -126.7 | -152.9 | -181.4 | -212.5 | -246.0 | -282.0 | -320.5 | -361.5 | -404.9
  K_main_2 |  -87.8 | -106.0 | -126.1 | -148.0 | -171.7 | -197.3 | -224.8 | -254.1 | -285.3 | -318.4
K_strong_3 |  -27.7 |  -33.4 |  -39.6 |  -46.5 |  -54.0 |  -62.0 |  -70.6 |  -79.8 |  -89.6 | -100.0
  K_main_3 |  -16.4 |  -19.7 |  -23.3 |  -27.3 |  -31.6 |  -36.2 |  -41.2 |  -46.5 |  -52.1 |  -58.1

Упругие моменты для i = 5 в Н*м

   n, об/м |  6000 |  6667 |  7333 |   8000 |   8667 |   9333 |  10000 |  10667 |  11333 |  12000
-----------+-------+-------+-------+--------+--------+--------+--------+--------+--------+-------
K_strong_1 | -16.3 | -19.7 | -23.4 |  -27.4 |  -31.8 |  -36.6 |  -41.6 |  -47.1 |  -52.8 |  -58.9
  K_main_1 | -60.8 | -74.7 | -90.1 | -107.0 | -125.3 | -145.0 | -166.3 | -189.0 | -213.1 | -238.7
K_strong_2 | -60.8 | -74.7 | -90.1 | -107.0 | -125.3 | -145.0 | -166.3 | -189.0 | -213.1 | -238.7
  K_main_2 | -51.8 | -62.5 | -74.3 |  -87.2 | -101.2 | -116.3 | -132.5 | -149.8 | -168.2 | -187.7
K_strong_3 | -16.3 | -19.7 | -23.4 |  -27.4 |  -31.8 |  -36.6 |  -41.6 |  -47.1 |  -52.8 |  -58.9
  K_main_3 |  -9.7 | -11.6 | -13.7 |  -16.1 |  -18.6 |  -21.3 |  -24.3 |  -27.4 |  -30.7 |  -34.2

Потери мощности в Вт

   n, об/м |  6000 |  6667 |  7333 |  8000 |  8667 |  9333 | 10000 | 10667 | 11333 | 12000
-----------+-------+-------+-------+-------+-------+-------+-------+-------+-------+------
K_strong_1 |   115 |   138 |   164 |   193 |   224 |   257 |   293 |   331 |   371 |   414
  K_main_1 |  3414 |  4196 |  5061 |  6007 |  7035 |  8145 |  9338 | 10612 | 11968 | 13406
K_strong_2 |  3414 |  4196 |  5061 |  6007 |  7035 |  8145 |  9338 | 10612 | 11968 | 13406
  K_main_2 |  4636 |  5595 |  6653 |  7809 |  9063 | 10415 | 11865 | 13413 | 15059 | 16804
K_strong_3 |   344 |   415 |   493 |   578 |   671 |   771 |   878 |   992 |  1114 |  1243
  K_main_3 |  1495 |  1838 |  2216 |  2631 |  3081 |  3567 |  4089 |  4647 |  5241 |  5871
     Сумма | 13417 | 16378 | 19648 | 23224 | 27109 | 31301 | 35800 | 40607 | 45721 | 51144

Перерасход топлива в г/(кВт*ч)

   n, об/м |  6000 |  6667 |  7333 |  8000 |  8667 |  9333 | 10000 | 10667 | 11333 | 12000
-----------+-------+-------+-------+-------+-------+-------+-------+-------+-------+------
K_strong_1 | 0.002 | 0.002 | 0.003 | 0.003 | 0.004 | 0.005 | 0.006 | 0.007 | 0.009 | 0.011
  K_main_1 | 0.055 | 0.069 | 0.085 | 0.104 | 0.126 | 0.153 | 0.187 | 0.228 | 0.282 | 0.353
K_strong_2 | 0.055 | 0.069 | 0.085 | 0.104 | 0.126 | 0.153 | 0.187 | 0.228 | 0.282 | 0.353
  K_main_2 | 0.075 | 0.092 | 0.111 | 0.135 | 0.162 | 0.196 | 0.237 | 0.289 | 0.355 | 0.442
K_strong_3 | 0.006 | 0.007 | 0.008 |  0.01 | 0.012 | 0.015 | 0.018 | 0.021 | 0.026 | 0.033
  K_main_3 | 0.024 |  0.03 | 0.037 | 0.045 | 0.055 | 0.067 | 0.082 |   0.1 | 0.123 | 0.154
     Сумма | 0.216 | 0.268 | 0.329 |   0.4 | 0.486 | 0.589 | 0.716 | 0.874 | 1.077 | 1.346

